1788 1825 1740 1750.45 4893249 
1602.95 1756 1591.1 1740.4 9332702 
1727.95 1733 1573 1600.85 8144878 
1740.65 1757.4 1682 1723.05 5053055 
1796 1823 1695.25 1740.65 6187968 
1794 1834 1780 1794 4108804 
1834 1850 1806.15 1815.4 3248124 
1836.95 1861 1804.95 1824.25 4094018 
1837 1849.95 1777.4 1804.95 5168139 
1901 1918.85 1845 1876.55 5969594 
1861 1875 1795 1843.8 6509495 
1760.9 1891.45 1728.1 1839 12296703 
1874 1874.85 1651.35 1738.2 12679663 
1917 1985 1857.4 1874.4 7572604 
1870 1940 1820.6 1896.2 9419942 
2049.8 2068.85 1905.35 1953.15 12627794 
2040 2088 1941 2039.65 13568243 
1966.7 2135 1855 1982.9 27180456 
1688.85 1905.95 1685.5 1879.5 22888891 
1499.9 1646 1407.9 1607.25 26970925 
1424 1580 1411 1564.3 20114340	