212.2 214.3 211.15 213.65 5139018 
209.95 214.9 208.4 212.95 16734166 
209.4 211.25 208.45 208.9 6157526 
208.5 210.2 207.6 208.4 4002212 
213.25 213.9 208 208.45 6611089 
213.15 214.75 212.4 213.35 4730918 
216.9 216.9 213.1 213.95 9675449 
218.15 218.95 215.95 217.05 3998751 
220 221.6 215.7 217.05 4244575 
222 225.95 220.1 221.65 15720256 
218.55 222.45 216.35 220.85 4988245 
221.95 223.2 219.6 219.9 2992144 
220.8 222.8 218.85 221.05 5723922 
224.2 225.75 219.35 220.8 3877606 
222.95 225.3 221.45 224.35 3670173 
224.85 226.95 223.65 224.8 4263468 
224.85 225.15 222.65 224.85 4271464 
222.95 225.5 221.75 224.9 4771341 
223.9 226.45 222.4 222.95 7089438 
218.75 224.45 217.35 222.85 11354939 
215.4 219 214.5 218.75 4510175