861.95 881 858.5 877.25 25739021 
857.05 862.1 848 851 34881515 
855.55 858.9 848.2 854.75 24469018 
854.95 856.4 844.05 848.7 17047675 
852.5 860 849.15 852.4 17295696 
857 867.45 852.8 855.45 17920621 
857.65 862.55 851 860.2 17431520 
843 854.5 839.05 852.4 18755854 
837 837.8 825 836.45 14838651 
831.8 838.4 818.65 836.25 11104490 
829.7 831.3 810.3 823.9 14987868 
836.45 843.95 822.2 825.9 12914488 
827 834.45 818.25 830.35 15456802 
841.45 855.3 823.95 828.4 16413159 
844.7 845.35 836.25 842.65 17273189 
867.2 869.8 854.15 855.95 10624440 
866.65 873.65 861.5 872.1 16144568 
871.75 876.85 865.35 867.75 13904231 
856.75 873 849.85 868.55 12823098 
853 861.85 851.1 854 12327141 
864 864 851.85 856.3 11015843		