382 384.5 380 383.5 9511189 
380.2 384 377.15 382.75 10160322 
380.2 382.35 378.15 379.75 9170535 
377.95 384.4 376.35 380.2 10816352 
381.5 383 378 378.7 9934501 
377 382.75 374.4 380.65 9752326 
376.95 378.85 374.2 377.75 4774867 
378.8 378.8 374.05 376.95 11610832 
373.3 379.35 372 378.8 10122167 
385 385 369.65 375.55 48904254 
380.6 382.35 376.85 381.45 15710094 
381 384.3 378 379.4 8423692 
385.7 386.45 377.2 379.7 10229766 
389.2 390.9 382.5 383.65 8791872 
386.95 390.2 383.5 388 8362265 
392.1 393.6 385.65 387.5 9634283 
388 393.15 385.1 392.4 8917699 
385.9 392.5 385.25 388.15 10714339 
377 385.4 376.1 384.95 8180709 
379.5 379.75 374.7 375.55 5019603 
374.25 380.4 373.6 378.7 7766667		
															