105    105.5    104.1    104.5    34579415
102.5    104.5    101.65    103.6    37221124
102.85    103.1    102.35    102.5    18703734
102.55    103.4    102.1    102.3    24753289
105    105.05    101.55    102.1    39014278
104.4    105.5    104.35    104.9    20913844
104.75    105.95    104.4    104.8    25891259
105.1    105.4    104.3    104.75    26434897
106.1    106.45    103.85    104.5    41569640
106.45    107.35    105    107    48962238
107.25    107.25    103.7    105.05    81088340
107.5    109.15    107.4    108.65    38930902
107    108.55    106.2    106.4    48584984
108.25    109    106.35    106.8    34552596
107    108.35    106.6    108.1    47699832
107.85    108.95    107.5    108.2    51967449
105.3    106.9    104    106.5    43939583
107.5    107.6    105    105.65    106868143
106    107.45    105    107    117175295
106.05    106.9    104.35    104.65    55276248
104.7    107.1    104.5    105.5    76175319